1 1   1 3 1 1 0.12
1 2   1 3 1 1 0.121
2 1   2 5 2 2 0.26
2 2   2 6 2 2 0.312
2 3   10 22 10 10 1.342
2 4   2 5 2 2 0.3
3 1   3 6 3 3 0.39
3 2   3 8 3 3 0.512
3 3   19 109 88 20 7.111
3 4   3 9 3 3 0.586
3 5   19 452 436 20 28.988
3 6   19 114 94 20 7.155
3 7   11 25 11 11 1.743
3 8   9 19 9 9 1.377
3 9   17 395 376 20 25.447
3 10   3 6 3 3 0.431
4 1   4 8 4 4 0.499
4 2   16 9470 9455 20 633.707
4 3   4 11 4 4 0.662
4 4   16 312 294 20 19.966
4 5   20 237126 237107 20 15036.522
4 6   20 73 50 20 4.802
4 7   18 187 168 20 12.225
4 8   20 324967 324944 20 21610.692
4 10   18 357742 357725 20 24249.711
4 11   20 236 219 20 15.541
4 12   18 918 903 20 62.948
4 13   18 237118 237101 20 16139.433
4 14   20 75 53 20 5.26
4 15   18 198 180 20 12.931
4 16   18 325846 325825 20 21111.201
4 17   12 27 12 12 1.634
4 18   18 357753 357737 20 22561.841
4 19   10 21 10 10 1.365
4 20   18 9808 9793 20 621.22
4 21   18 325882 325862 20 20583.117
4 22   18 203 183 20 13.151
4 23   16 803 786 20 48.465
4 24   20 280 261 20 19.164
5 1   5 10 5 5 0.71
5 2   19 20706 20687 20 1289.378
5 3   17 4478 4462 20 277.85
5 4   15 20100 20086 20 1229.942
5 5   19 5706 5688 20 342.821
5 6   5 13 5 5 0.826
5 7   19 461 439 20 29.902
5 8   17 169 149 20 10.43
5 9   15 616 600 20 43.093
5 10   19 760603 760585 20 47725.751
5 11   17 343897 343881 20 21393.774
5 12   19 505062 505044 20 31391.892
5 13   19 344101 344083 20 21317.49
5 14   19 111894 111872 20 6839.187
5 15   19 473 451 20 28.35
5 16   19 107 88 20 6.553
5 17   17 348 330 20 21.162
5 18   19 344138 344120 20 21062.985
5 19   19 152929 152906 20 9309.972
5 20   19 692162 692141 20 42275.649
5 21   19 447100 447082 20 28364.813
5 22   17 564954 564940 20 34587.095
5 23   19 167983 167966 20 11008.062
5 24   17 762005 761989 20 46006.061
5 25   19 408 387 20 25.372
5 26   11 167546 167537 20 10223.555
5 27   5 11 5 5 0.672
5 28   19 111285 111267 20 6856.678
5 29   17 505049 505033 20 30811.233
5 30   19 406887 406870 20 24748.826
5 31   17 111881 111861 20 6796.249
5 32   19 478 457 20 29.88
5 33   19 112 94 20 7.232
5 34   17 374 357 20 23.118
5 35   19 406924 406907 20 24845.236
5 36   19 152934 152912 20 9308.645
5 37   17 694028 694009 20 42446.167
5 38   19 447105 447088 20 27280.715
5 39   19 564967 564951 20 34371.683
5 40   19 167988 167972 20 10297.234
5 41   17 762031 762016 20 46780.333
5 42   11 22 11 11 1.327
5 43   11 24 11 11 1.64
5 44   19 4638 4622 20 282.987
5 45   19 575924 575911 20 35155.816
5 46   19 152951 152930 20 9369.352
5 47   17 694104 694086 20 42370.824
5 48   19 1209202 1209183 20 75189.433
5 49   19 65183 65168 20 3940.427
5 50   17 507397 507378 20 30797.925
5 51   15 1664 1649 20 102.513
5 52   15 763422 763410 20 46247.058
5 53   19 1209237 1209220 20 76033.759
5 54   19 561 543 20 36.034
6 1   6 11 6 6 0.648
6 2   18 23399 23382 20 1463.337
6 3   20 9755 9734 20 603.524
6 4   20 237 219 20 13.981
6 5   18 446 428 20 27.982
6 6   18 2119 2103 20 135.99
6 7   18 23611 23593 20 1470.273
6 8   20 142 122 20 9.007
6 9   20 2693 2675 20 169.489
6 10   18 12077 12060 20 733.543
6 11   18 420449 420434 20 25849.162
6 12   20 110623 110604 20 6651.726
6 13   20 235 212 20 15.388
6 14   18 940 920 20 55.617
6 15   20 357795 357776 20 20914.048
6 16   20 144345 144323 20 8446.119
6 17   18 100 79 20 5.322
6 18   20 357769 357751 20 20885.736
6 19   16 311 294 20 17.928
6 20   20 36961 36943 20 2157.066
6 21   20 357086 357067 20 20566.861
6 22   20 475051 475030 20 27564.887
6 23   18 161466 161450 20 9248.67
6 24   20 62081 62061 20 3628.499
6 25   20 148 128 20 8.519
6 26   20 161566 161548 20 9356.181
6 27   18 732955 732938 20 42625.496
6 28   20 482368 482350 20 27937.336
6 29   20 102087 102069 20 5896.516
6 30   20 241 218 20 13.242
6 31   18 967 947 20 55.637
6 32   20 357801 357782 20 20674.784
6 33   20 70 50 20 3.823
6 34   18 188 168 20 11.245
6 35   16 37052 37038 20 2234.205
6 36   20 161584 161566 20 9432.943
6 37   18 733032 733015 20 42338.175
6 38   18 670611 670596 20 39134.037
6 39   18 102011 101994 20 5873.188
6 40   18 732701 732683 20 42553.343
6 41   20 267 246 20 15.745
6 42   18 581 560 20 33.902
6 43   18 670776 670762 20 38790.346
6 44   20 326002 325980 20 18942.281
6 45   20 357870 357853 20 20832.597
6 46   18 58207 58189 20 3424.477
6 47   16 1297 1279 20 79.343
6 48   20 5924 5907 20 341.827
6 49   20 325890 325868 20 18871.173
6 50   20 211 189 20 12.41
6 51   18 828 809 20 47.456
6 52   20 223609 223593 20 12938.428
6 53   6 13 6 6 0.708
6 54   6 14 6 6 0.717
6 55   20 52219 52201 20 3049.496
6 56   20 62083 62064 20 3670.105
6 57   20 150 131 20 9.095
6 58   20 191050 191033 20 11450.981
6 59   20 237506 237487 20 13808.055
6 60   20 500391 500374 20 28799.648
6 61   18 5376 5357 20 320.817
6 62   20 243 221 20 14.015
6 63   18 978 959 20 60.115
6 64   20 357803 357785 20 20421.484
6 65   20 72 53 20 3.985
6 66   18 199 180 20 11.65
6 67   16 37112 37099 20 2149.516
6 68   20 191068 191051 20 11238.753
6 69   18 866860 866844 20 50264.135
6 70   18 804439 804425 20 46662.015
6 71   18 5453 5434 20 313.178
6 72   18 866529 866512 20 50457.771
6 73   20 269 249 20 16.064
6 74   18 592 572 20 34.891
6 75   18 804604 804591 20 46367.535
6 76   20 326004 325983 20 18781.544
6 77   20 357872 357856 20 20933.569
6 78   18 5220 5202 20 301.473
6 79   20 867 847 20 54.629
6 80   20 475102 475082 20 27990.594
6 81   12 24 12 12 1.429
6 82   18 482 465 20 31.204
6 83   12 27 12 12 1.388
6 84   18 337 317 20 23.861
6 85   20 2198 2181 20 128.929
6 86   20 270432 270419 20 15837.908
6 87   18 1226926 1226914 20 71539.663
6 88   20 1229523 1229508 20 71511.282
6 89   20 112281 112263 20 6463.516
6 90   20 1023703 1023684 20 59047.875
6 91   20 276 257 20 15.971
6 92   18 628 609 20 38.621
6 93   20 1229559 1229545 20 72073.575
6 94   20 326011 325991 20 19028.088
6 95   18 138839 138824 20 8098.126
6 96   20 237085 237066 20 13924.713
6 97   18 238222 238201 20 13844.56
6 98   20 214 194 20 12.53
6 99   16 802 786 20 47.292
6 100   20 25246 25230 20 1468.797
6 101   16 358404 358391 20 20616.967
6 102   20 475074 475054 20 27447.162
6 103   20 1376586 1376577 20 79460.031
6 104   20 326027 326009 20 19153.466
6 105   20 325911 325891 20 18871.645
6 106   18 1163 1147 20 68.413
6 107   18 135115 135100 20 7797.403
7 1   19 1352379 1352365 20 78631.75
7 2   19 11023 11005 20 644.421
7 3   17 49768 49753 20 2871.151
7 4   19 1623697 1623678 20 94190.839
7 5   19 1054985 1054968 20 62069.886
7 6   17 8763 8746 20 508.711
7 7   19 187345 187327 20 10836.573
7 8   19 20704 20687 20 1203.645
7 9   19 453 436 20 26.778
7 10   19 232 212 20 13.965
7 11   17 896 880 20 52.908
7 12   17 762654 762641 20 45075.703
7 13   17 32896 32882 20 1920.984
7 14   19 11126 11107 20 653.814
7 15   17 50216 50200 20 3007.797
7 16   19 203888 203870 20 13541.489
7 17   15 20102 20086 20 1180.681
7 18   19 249 230 20 14.313
7 19   17 33168 33153 20 1939.303
7 20   17 25629 25613 20 1505.056
7 21   17 41408 41390 20 2430.438
7 22   17 895487 895472 20 52538.322
7 23   19 235464 235446 20 13646.335
7 24   19 2533496 2533478 20 147685.318
7 25   17 31856 31839 20 1840.979
7 26   19 2318000 2317983 20 134386.615
7 27   19 188152 188133 20 10888.469
7 28   17 1947 1929 20 117.328
7 29   17 763705 763690 20 44666.639
7 30   19 744881 744866 20 43020.348
7 31   19 762113 762095 20 46204.07
7 32   19 2735150 2735134 20 159529.422
7 33   19 399055 399037 20 23010.86
7 34   19 307353 307333 20 17885.999
7 35   17 447056 447041 20 25867.325
7 36   19 549986 549969 20 32099.436
7 37   17 549714 549697 20 32147.36
7 38   19 762062 762045 20 43964.696
7 39   17 166 149 20 9.357
7 40   17 168 149 20 10.12
7 41   11 221639 221627 20 12808.474
7 42   19 635239 635217 20 36742.135
7 43   17 168062 168048 20 9817.93
7 44   19 66 46 20 3.869
7 45   19 156980 156963 20 9225.816
7 46   17 156102 156084 20 9401.201
7 47   19 132165 132147 20 7724.334
7 48   19 197124 197105 20 11568.404
7 49   19 505064 505044 20 29761.997
7 50   19 261 242 20 16.15
7 51   19 157043 157025 20 9106.155
7 52   17 1561501 1561485 20 90239.164
7 53   19 92110 92090 20 5347.426
7 54   19 1027496 1027478 20 59934.145
7 55   19 217316 217299 20 12648.272
7 56   17 1582989 1582974 20 91810.866
7 57   19 156754 156734 20 9172.017
7 58   17 1582496 1582481 20 91450.425
7 59   19 692339 692319 20 40532.184
7 60   17 2008 1990 20 119.219
7 61   17 763766 763751 20 44511.688
7 62   17 1158551 1158536 20 67041.457
7 63   19 762125 762107 20 43924.494
7 64   19 111891 111872 20 6459.229
7 65   19 693765 693745 20 40192.856
7 66   19 110 88 20 6.604
7 67   19 400233 400217 20 23119.613
7 68   17 17395 17380 20 998.114
7 69   17 566057 566042 20 32672.921
7 70   17 1561667 1561651 20 91067.783
7 71   19 693878 693857 20 40092.748
7 72   17 1428376 1428361 20 84290.236
7 73   17 217157 217141 20 12810.361
7 74   19 566237 566222 20 32791.881
7 75   19 343985 343966 20 20166.093
7 76   17 1560948 1560931 20 90132.552
7 77   19 692160 692141 20 39750.171
7 78   19 517 497 20 31.615
7 79   19 296 273 20 17.449
7 80   17 1177 1158 20 67.658
7 81   17 762935 762919 20 44128.297
7 82   17 1428735 1428721 20 82478.349
7 83   19 834641 834625 20 48341.701
7 84   19 694363 694343 20 40478.461
7 85   13 212608 212594 20 12387.104
7 86   17 121325 121308 20 6967.863
7 87   19 762277 762261 20 44342.069
7 88   17 565184 565169 20 32550.403
7 89   17 123911 123894 20 7674.543
7 90   13 506567 506551 20 29614.042
7 91   17 624 604 20 36.612
7 92   15 2715 2699 20 157.636
7 93   19 165 145 20 9.762
7 94   17 2618825 2618809 20 152149.144
7 95   19 423902 423883 20 24468.039
7 96   19 694117 694097 20 40209.503
7 97   19 1884352 1884336 20 108955.284
7 98   17 169884 169872 20 9864.426
7 99   17 507371 507351 20 29608.428
7 100   17 1716 1699 20 101.528
7 101   17 763474 763460 20 44162.331
7 102   19 2179285 2179268 20 127436.148
7 103   19 476123 476108 20 27648.851
7 104   7 14 7 7 0.83
7 105   7 16 7 7 1.07
7 106   19 507764 507744 20 30779.424
7 107   7 17 7 7 1.233
7 108   19 239261 239245 20 13900.685
7 109   19 156115 156095 20 9115.799
7 110   19 132170 132153 20 7700.617
7 111   17 9883 9865 20 588.465
7 112   17 505051 505033 20 29585.878
7 113   19 266 248 20 14.838
7 114   19 240526 240509 20 13937.012
7 115   19 505889 505871 20 29122.149
7 116   19 92115 92096 20 5321.45
7 117   19 1065779 1065762 20 63273.226
7 118   17 11399 11381 20 666.353
7 119   17 1868225 1868211 20 108612.567
7 120   19 234531 234512 20 13546.633
7 121   17 1867732 1867718 20 112774.243
7 122   17 694859 694841 20 40307.825
7 123   17 2034 2017 20 119.173
7 124   19 223401 223381 20 13025.052
7 125   19 1156424 1156408 20 66561.551
7 126   19 762130 762113 20 45509.17
7 127   17 111878 111861 20 6535.702
7 128   19 509025 509006 20 29705.982
7 129   19 181 160 20 11.162
7 130   19 115 94 20 6.646
7 131   19 400238 400223 20 23721.52
7 132   17 17421 17407 20 1029.292
7 133   17 851293 851279 20 49893.353
7 134   17 1846903 1846888 20 106408.382
7 135   19 693883 693863 20 40209.387
7 136   17 1713612 1713598 20 98171.64
7 137   17 11565 11547 20 685.465
7 138   17 1868391 1868377 20 108615.096
7 139   19 406771 406753 20 23868.985
7 140   17 1846184 1846168 20 106962.039
7 141   17 694026 694009 20 40230.734
7 142   19 522 503 20 31.46
7 143   19 301 279 20 17.449
7 144   17 1203 1185 20 71.223
7 145   17 223830 223812 20 13145.874
7 146   17 1713971 1713958 20 98491.708
7 147   19 834646 834631 20 47732.603
7 148   19 694368 694349 20 40696.105
7 149   17 10306 10287 20 615.286
7 150   17 8224 8205 20 478.918
7 151   19 762282 762267 20 44847.559
7 152   17 850420 850406 20 49360.652
7 153   17 11065 11048 20 647.692
7 154   13 507151 507136 20 29258.838
7 155   17 650 631 20 40.049
7 156   19 1795 1777 20 105.541
7 157   19 170 151 20 10.105
7 158   13 26 13 13 1.555
7 159   17 1934 1918 20 113.517
7 160   19 248 230 20 14.675
7 161   17 995 979 20 57.995
7 162   17 91607 91591 20 5317.736
7 163   13 29 13 13 1.484
7 164   19 187295 187275 20 10946.852
7 165   19 182 160 20 11.561
7 166   17 668 650 20 41.577
7 167   19 760608 760591 20 43634.374
7 168   17 719372 719353 20 41422.432
7 169   17 49180 49164 20 2850.982
7 170   19 1215710 1215693 20 70414.658
7 171   17 2614179 2614168 20 151292.383
7 172   19 693900 693881 20 40092.817
7 173   19 2619241 2619226 20 151270.985
7 174   19 238980 238963 20 13990.88
7 175   17 212780 212768 20 12327.273
7 176   17 576128 576116 20 33291.645
7 177   19 2181177 2181159 20 126267.022
7 178   17 694102 694086 20 39831.029
7 179   19 539 521 20 34.713
7 180   19 318 297 20 18.799
7 181   17 1279 1262 20 75.656
7 182   17 763037 763023 20 43869.081
7 183   19 2619317 2619303 20 152906.221
7 184   19 834663 834649 20 47914.543
7 185   19 694385 694367 20 40298.559
7 186   19 212777 212759 20 12284.378
7 187   19 169799 169781 20 9850.264
7 188   17 295754 295740 20 17113.04
7 189   17 248304 248290 20 14360.135
7 190   19 504975 504957 20 29271.306
7 191   19 248508 248492 20 14417.212
7 192   19 111807 111785 20 6423.406
7 193   19 110086 110066 20 6456.229
7 194   17 507395 507378 20 29077.519
7 195   19 405 386 20 24.481
7 196   17 392 376 20 22.906
7 197   17 394 376 20 23.397
7 198   19 52012 51996 20 3054.803
7 199   17 168288 168275 20 9748.648
7 200   19 114 95 20 6.649
7 201   19 2932752 2932743 20 170638.247
7 202   17 2933045 2933036 20 169442.477
7 203   19 694420 694404 20 40148.713
7 204   19 777822 777805 20 44941.469
7 205   17 2254448 2254436 20 130400.529
7 206   19 318644 318627 20 18335.955
7 207   19 694167 694149 20 39997.052
7 208   17 695260 695245 20 40555.046
7 209   17 2435 2421 20 142.209
7 210   17 764193 764182 20 43969.544
7 211   19 63443 63428 20 3672.204
7 212   17 287821 287807 20 16856.926