1 1   1 3 1 1 0.23
1 2   1 3 1 1 0.202
2 1   20 78900 78887 20 4785.301
3 1   19 168051 168039 20 10157.056
3 2   19 168033 168018 20 9979.67
3 3   19 168023 168007 20 10395.707
3 4   17 168260 168246 20 10002.524
3 5   19 239595 239577 20 15262.8
3 6   19 168018 168001 20 10773.032
3 7   19 137767 137750 20 8040.198
3 8   19 662301 662287 20 35556.103
3 9   19 104508 104491 20 5669.278
3 10   19 95 79 20 5.566
4 1   18 357892 357880 20 18984.2
4 2   18 357845 357832 20 19404.573
4 3   16 358809 358798 20 20089.355
4 4   20 78895 78878 20 4439.228
4 5   20 334340 334327 20 17771.847
4 6   20 334311 334297 20 18019.632
4 7   20 510475 510462 20 27120.082
4 8   20 293474 293458 20 15774.682
4 9   18 295 280 20 15.849
4 10   18 78997 78982 20 4217.713
4 11   20 49083 49066 20 2629.238
4 12   20 372877 372870 20 20140.118
4 13   20 312148 312136 20 16517.407
4 14   20 312119 312106 20 16488.333
4 15   20 488283 488271 20 26089.432
4 16   18 293463 293448 20 15789.275
4 17   18 284 268 20 16.77
4 18   20 64671 64653 20 3432.588
4 19   20 543796 543783 20 28740.169
4 20   20 311005 310991 20 16508.423
4 21   18 222597 222582 20 11900.505
4 22   18 242 226 20 12.874
4 23   20 373333 373314 20 19972.84
4 24   18 165 149 20 8.817
5 1   17 762331 762320 20 40889.105
5 2   19 168053 168039 20 10276.943
5 3   17 762230 762218 20 46190.466
5 4   19 168031 168018 20 9643.56
5 5   15 764291 764282 20 40475.95
5 6   15 2533 2521 20 145.873
5 7   17 168474 168461 20 9014.761
5 8   19 168228 168212 20 9058.519
5 9   19 793797 793789 20 42210.86
5 10   17 255399 255385 20 13593.599
5 11   19 712134 712122 20 37503.493
5 12   19 168021 168007 20 8886.241
5 13   19 712072 712060 20 38072.369
5 14   15 2299 2286 20 121.469
5 15   17 168426 168412 20 8976.632
5 16   19 1087495 1087483 20 7255117.55
5 17   19 506600 506584 20 27261.852
5 18   19 625121 625107 20 7232054.371
5 19   15 1528 1515 20 80.861
5 20   19 548143 548125 20 29235.789
5 21   17 585 571 20 31.605
5 22   19 156 141 20 8.296
5 23   19 693671 693656 20 7235637.623
5 24   19 294028 294009 20 15606.822
5 25   19 104513 104497 20 7196987.453
5 26   19 693701 693686 20 45321.977
5 27   19 794105 794098 20 4607672.184
5 28   19 664852 664841 20 41668.451
5 29   19 168016 168001 20 9873.486
5 30   19 664790 664779 20 37419.642
5 31   15 2168 2154 20 123.507
5 32   17 168400 168385 20 8953.234
5 33   19 1040213 1040202 20 55323.016
5 34   19 506595 506578 20 27172.98
5 35   17 625096 625083 20 33117.184
5 36   15 1397 1383 20 75.524
5 37   19 548138 548119 20 28868.835
5 38   17 559 544 20 29.653
5 39   19 151 135 20 7.984
5 40   19 693666 693650 20 36687.666
5 41   19 294023 294003 20 15508.389
5 42   19 1158469 1158457 20 62115.155
5 43   19 395285 395270 20 21303.495
5 44   19 229155 229137 20 13847.413
5 45   17 474207 474194 20 30493.219
5 46   15 994 980 20 64.439
5 47   19 548119 548100 20 29569.797
5 48   17 470 455 20 25.4
5 49   19 132 116 20 6.971
5 50   19 795337 795320 20 42312.125
5 51   17 630026 630013 20 33220.863
5 52   19 255319 255302 20 13669.037
5 53   17 304 289 20 16.157
5 54   19 168117 168101 20 8869.75
6 1   20 598453 598440 20 31429.767
6 2   18 357893 357880 20 19020.991
6 3   18 358518 358505 20 19031.13
6 4   20 544074 544063 20 28607.788
6 5   20 78903 78887 20 4227.775
6 6   20 598445 598431 20 32157.476
6 7   18 357846 357832 20 19249.576
6 8   20 78892 78878 20 4207.734
6 9   20 598415 598401 20 1464261.532
6 10   16 358808 358798 20 20359.358
6 11   20 139414 139403 20 7411.081
6 12   16 1206 1193 20 65.151
6 13   20 230 213 20 12.672
6 14   20 543856 543838 20 29159.435
6 15   18 79095 79081 20 4203.073
6 16   20 284198 284183 20 14991.903
6 17   20 282 265 20 15.15
6 18   20 78984 78967 20 4219.363
6 19   20 1228175 1228162 20 64755.713
6 20   20 372732 372724 20 19641.416
6 21   20 118335 118318 20 6744.484
6 22   20 567680 567667 20 29918.153
6 23   20 598440 598425 20 31762.037
6 24   20 334341 334327 20 17674.257
6 25   20 78887 78872 20 4218.616
6 26   20 598410 598395 20 31939.684
6 27   20 334310 334297 20 17880.784
6 28   20 139409 139397 20 7395.502
6 29   16 1097 1083 20 60.226
6 30   20 225 207 20 13.567
6 31   20 543522 543505 20 34970.574
6 32   18 79074 79059 20 5076.081
6 33   20 357890 357877 20 19075.311
6 34   20 176490 176475 20 9386.285
6 35   20 237900 237884 20 12674.001
6 36   20 598392 598377 20 31751.267
6 37   20 293473 293458 20 15729.746
6 38   20 139391 139379 20 7469.552
6 39   16 737 723 20 39.896
6 40   20 357785 357770 20 19208.276
6 41   20 324122 324109 20 17532.237
6 42   20 257337 257317 20 13624.167
6 43   20 72058 72044 20 3892.435
6 44   20 187947 187932 20 9958.335
6 45   20 115040 115023 20 6111.017
6 46   20 163 146 20 8.634
6 47   20 543940 543923 20 29019.599
6 48   20 408613 408605 20 21831.68
6 49   18 222608 222594 20 11898.473
6 50   20 253 236 20 13.469
6 51   20 543905 543888 20 29322.169
6 52   20 176 159 20 9.402
6 53   20 720395 720386 20 38462.228
6 54   18 488209 488192 20 25890.652
6 55   20 598438 598422 20 31625.852
6 56   20 312149 312136 20 16472.825
6 57   20 78885 78869 20 4217.663
6 58   20 598408 598392 20 31789.73
6 59   20 312118 312106 20 16464.643
6 60   20 139407 139394 20 7420.716
6 61   16 1037 1022 20 56.793
6 62   20 223 204 20 11.74
6 63   20 543520 543502 20 28825.639
6 64   18 79063 79047 20 4189.445
6 65   20 357888 357874 20 19253.994
6 66   20 176488 176472 20 9273.42
6 67   20 237898 237881 20 12633.972
6 68   20 598390 598374 20 33263.779
6 69   18 293462 293448 20 16053.489
6 70   20 139389 139376 20 7428.812
6 71   16 677 662 20 36.257
6 72   20 293670 293655 20 15650.659
6 73   20 324120 324106 20 17164.647
6 74   20 257335 257314 20 13705.006
6 75   20 72056 72041 20 3849.576
6 76   20 187945 187929 20 10041.637
6 77   20 115038 115020 20 6108.792
6 78   20 161 143 20 8.964
6 79   20 543938 543920 20 29308.547
6 80   20 983192 983177 20 52496.837
6 81   20 357903 357890 20 18881.595
6 82   20 357856 357842 20 19006.923
6 83   18 358860 358848 20 18928.199
6 84   20 185637 185620 20 9936.493
6 85   20 814859 814848 20 42979.144
6 86   20 598382 598366 20 31594.463
6 87   18 222596 222582 20 11878.493
6 88   20 139381 139368 20 7298.042
6 89   16 489 474 20 25.672
6 90   20 222770 222755 20 11752.316
6 91   20 324112 324098 20 17357.026
6 92   20 257327 257306 20 13809.681
6 93   20 72048 72033 20 3893.366
6 94   18 187949 187935 20 10028.177
6 95   20 115030 115012 20 6188.352
6 96   20 357811 357795 20 18988.097
6 97   18 358624 358610 20 19008.711
6 98   20 611259 611244 20 32671.599
6 99   20 611274 611260 20 32228.709
6 100   18 295863 295850 20 15536.828
6 101   20 49073 49055 20 2577.999
6 102   20 1281366 1281352 20 68244.856
6 103   20 41619 41604 20 2207.327
6 104   18 21730 21715 20 1135.609
6 105   18 358027 358013 20 19129.427
6 106   18 345732 345713 20 18591.419
6 107   20 78932 78915 20 4177.208
7 1   19 233 218 20 12.913
7 2   15 4243 4232 20 228.87
7 3   13 1160517 1160507 20 62049.638
7 4   19 168054 168039 20 8889.968
7 5   17 763659 763648 20 40023.968
7 6   17 1901 1887 20 101.807
7 7   19 168343 168328 20 8996.021
7 8   19 1159070 1159060 20 61330.051
7 9   19 519259 519245 20 27839.363
7 10   19 275326 275310 20 14722.146
7 11   17 1198370 1198358 20 63350.316
7 12   19 255268 255252 20 13621.033
7 13   19 213 197 20 12.533
7 14   15 3797 3785 20 201.077
7 15   19 568471 568455 20 30311.657
7 16   19 168034 168018 20 8806.009
7 17   19 1159072 1159060 20 61583.305
7 18   17 255396 255385 20 13619.411
7 19   19 151 135 20 8.197
7 20   17 168471 168461 20 8909.197
7 21   17 168473 168461 20 8908.752
7 22   17 281218 281206 20 14884.476
7 23   19 435324 435304 20 23372.241
7 24   17 575 562 20 33.689
7 25   19 442 426 20 25.372
7 26   19 520056 520042 20 27382.572
7 27   19 1158587 1158571 20 61524.977
7 28   19 2735187 2735174 20 152150.472
7 29   19 360624 360607 20 19437.309
7 30   19 1126475 1126460 20 60461.08
7 31   19 435489 435475 20 23196.896
7 32   19 605318 605305 20 32044.711
7 33   17 1359 1344 20 73.341
7 34   19 685247 685230 20 36238.58
7 35   19 553 537 20 34.174
7 36   17 694182 694168 20 36929.792
7 37   19 981093 981080 20 52323.298
7 38   19 294038 294020 20 15659.81
7 39   19 2616743 2616731 20 140462.04
7 40   19 375864 375851 20 19773.356
7 41   19 229170 229154 20 12106.029
7 42   19 251974 251958 20 13288.6
7 43   19 981123 981110 20 51882.639
7 44   19 1209067 1209054 20 63853.067
7 45   19 203 186 20 10.969
7 46   15 3563 3550 20 191.328
7 47   19 568461 568444 20 30079.433
7 48   19 168024 168007 20 8944.206
7 49   19 1159062 1159049 20 62994.698
7 50   19 239592 239577 20 12642.831
7 51   19 141 124 20 7.566
7 52   17 168423 168412 20 8991.594
7 53   17 168425 168412 20 9128.447
7 54   17 281170 281157 20 15144.686
7 55   19 435314 435293 20 23240.11
7 56   17 527 513 20 27.9
7 57   19 432 415 20 25.955
7 58   19 520046 520031 20 28109.854
7 59   19 1157877 1157862 20 62285.907
7 60   19 2554119 2554106 20 131791.815
7 61   19 405640 405626 20 20948.112
7 62   19 1126465 1126449 20 57460.704
7 63   19 435479 435464 20 22272.358
7 64   19 762326 762314 20 38809.913
7 65   19 1087497 1087483 20 56006.747
7 66   19 304169 304155 20 15543.574
7 67   17 306041 306026 20 15783.582
7 68   19 298758 298742 20 15233.876
7 69   19 104 87 20 5.489
7 70   17 168257 168246 20 8599.554
7 71   17 168259 168246 20 8707.354
7 72   15 281893 281883 20 14506.867
7 73   19 499720 499703 20 25495.683
7 74   17 361 347 20 18.916
7 75   19 762100 762086 20 38963.876
7 76   19 548141 548125 20 28234.557
7 77   19 690359 690347 20 35241.982
7 78   15 506867 506856 20 26103.924
7 79   17 275243 275228 20 14191.472
7 80   19 1198139 1198124 20 61997.598
7 81   19 151001 150983 20 8005.81
7 82   17 65582 65572 20 3431.65
7 83   19 400271 400258 20 20644.429
7 84   15 548934 548920 20 28869.201
7 85   17 167900 167886 20 8656.208
7 86   19 244989 244973 20 12549.027
7 87   19 1759620 1759608 20 89679.924
7 88   19 299 283 20 17.288
7 89   19 232005 231988 20 11954.223
7 90   19 1158772 1158757 20 58770.508
7 91   19 137791 137775 20 7214.852
7 92   19 294055 294041 20 15067.523
7 93   19 870277 870269 20 44861.161
7 94   17 474233 474221 20 24289.935
7 95   17 1095 1080 20 56.278
7 96   19 685189 685172 20 35641.325
7 97   19 495 479 20 25.353
7 98   19 95041 95026 20 4914.73
7 99   19 1158700 1158685 20 58801.755
7 100   19 286939 286925 20 14640.624
7 101   19 286912 286893 20 14640.066
7 102   19 329 313 20 17.363
7 103   17 1825094 1825081 20 93452.137
7 104   19 1534757 1534749 20 78191.487
7 105   19 1159231 1159219 20 59201.987
7 106   17 1040045 1040030 20 53275.512
7 107   17 758276 758260 20 39572.379
7 108   19 198 180 20 10.215
7 109   15 3432 3418 20 175.398
7 110   19 568456 568438 20 29027.334
7 111   19 168019 168001 20 8561.597
7 112   19 1159057 1159043 20 59551.132
7 113   19 229157 229143 20 11715.149
7 114   19 136 118 20 7.147
7 115   17 168397 168385 20 8642.707
7 116   17 168399 168385 20 8700.116
7 117   17 281144 281130 20 14305.196
7 118   19 435309 435287 20 22684.717
7 119   17 501 486 20 29.787
7 120   19 427 409 20 22.239
7 121   19 520041 520025 20 26535.941
7 122   19 1157872 1157856 20 59378.625
7 123   19 2735172 2735157 20 139755.966
7 124   19 405635 405620 20 20921.8
7 125   19 1126460 1126443 20 57522.677
7 126   19 435474 435458 20 22279.284
7 127   19 762321 762308 20 39072.065
7 128   19 1040215 1040202 20 53349.592
7 129   19 375859 375845 20 19789.699
7 130   19 304164 304149 20 15518.119
7 131   17 306015 305999 20 15948.281
7 132   19 298753 298736 20 15403.335
7 133   19 99 81 20 5.353
7 134   19 137764 137750 20 7141.567
7 135   19 137766 137750 20 7094.254
7 136   15 281762 281751 20 14409.332
7 137   19 499715 499697 20 25429.465
7 138   17 335 320 20 18.297
7 139   19 625542 625528 20 32083.809
7 140   19 548136 548119 20 27976.659
7 141   19 690354 690341 20 35205.149
7 142   15 506736 506724 20 25774.377
7 143   17 275217 275201 20 14178.074
7 144   19 1198134 1198118 20 61030.0
7 145   19 150996 150977 20 9643.119
7 146   17 65556 65545 20 4135.618
7 147   19 400266 400252 20 25157.623
7 148   15 548803 548788 20 28122.844
7 149   17 167874 167859 20 8570.3
7 150   19 244984 244967 20 12693.987
7 151   17 1897427 1897418 20 97316.071
7 152   19 294 277 20 15.228
7 153   19 232000 231982 20 11982.827
7 154   19 1158767 1158751 20 59562.71
7 155   19 104489 104472 20 5345.005
7 156   19 630020 630006 20 32374.36
7 157   19 2094705 2094690 20 107177.731
7 158   19 762356 762344 20 38886.494
7 159   19 1158471 1158457 20 58997.857
7 160   19 762255 762242 20 39493.566
7 161   19 395283 395270 20 21811.353
7 162   17 764392 764382 20 40759.918
7 163   17 2634 2621 20 137.147
7 164   19 168499 168485 20 8635.521
7 165   19 275482 275467 20 14196.565
7 166   19 793792 793783 20 40633.743
7 167   19 255424 255409 20 13632.445
7 168   19 1735526 1735516 20 89426.542
7 169   19 892070 892059 20 46194.763
7 170   19 80 62 20 4.831
7 171   19 104505 104491 20 5511.315
7 172   19 104507 104491 20 5434.088
7 173   15 281359 281348 20 16608.644
7 174   19 499696 499678 20 52084.792
7 175   17 246 231 20 19.57
7 176   19 474583 474569 20 31695.542
7 177   19 548117 548100 20 33601.12
7 178   19 690335 690322 20 40747.062
7 179   17 486605 486591 20 29655.96
7 180   17 275128 275112 20 15737.082
7 181   19 1198115 1198099 20 69434.032
7 182   19 150977 150958 20 8975.458
7 183   15 65608 65599 20 3739.555
7 184   17 400276 400264 20 23284.184
7 185   15 548400 548385 20 31226.278
7 186   19 88233 88217 20 5270.983
7 187   19 244965 244948 20 13989.357
7 188   19 1895203 1895192 20 109508.997
7 189   19 762150 762135 20 43448.831
7 190   19 795335 795320 20 47562.554
7 191   17 763888 763876 20 43635.057
7 192   17 2130 2115 20 123.909
7 193   19 168394 168378 20 9877.174
7 194   19 1302200 1302186 20 74427.068
7 195   17 576463 576449 20 33156.134
7 196   19 1302235 1302222 20 74740.449
7 197   19 1159173 1159160 20 66174.059
7 198   19 1336099 1336085 20 76965.552
7 199   17 2614259 2614250 20 150360.952
7 200   19 2729853 2729839 20 158109.92
7 201   19 65499 65488 20 3750.053
7 202   17 46260 46247 20 2675.152
7 203   17 501419 501402 20 28725.938
7 204   19 10197 10180 20 582.774
7 205   17 762611 762599 20 45969.88
7 206   17 853 838 20 53.009
7 207   17 684998 684982 20 49081.494
7 208   17 736516 736499 20 48721.776
7 209   19 616133 616119 20 39919.741
7 210   19 162248 162228 20 10293.516
7 211   19 693788 693773 20 43719.357
7 212   19 1878023 1878011 20 116918.775